11111111
11111111
11010101
11011000
11011101
11011111
11101011
10111101
11010011
10110010
10110010
10001010
01101000
01000110
01011011
01011100
00110100
00100010
00011011
00000000
00000100
00000100
00000101
00000000
00001101
00000011
00101101
00010000
00111001
00000111
00101110
00101000
01001001
01010111
00100110
01001001
01010111
10010001
10111001
10100000
11001001
11010001
10111001
11100110
11010110
11111111
11110110
11111111
11110101
11111111
11111101
11001101
11100000
11111110
11100110
11000011
11000011
11001010
10011111
10111101
10001001
10110001
01011111
01101100
00110101
00111000
00101101
00110111
00111000
00011111
00000111
00011011
00010110
00000011
00001101
00001010
00000000
00011010
00000000
00001010
00100110
00100111
00111000
01010111
01110000
01100011
01111111
10000010
10011101
10110001
10101000
11001010
11011111
11011111
11111111
11100010
11100110
11010100
11111111
11111111
11111101
11111111
11111011
11110110
11101010
11100111
11010011
11111111
10011011
01111101
01111101
01101111
01101110
01100100
01010011
01010101
01000100
00111111
01001011
00110100
00000000
00000000
00011000
00000000
00000001
00000001
00110110
00000111
00000100
00011101
00101000
00110000
00101101
00101101
01011111
01001001
01100000
10100110
10001110
10100100
11001011
10111101
11101001
11010101
11111110
11111110
11110010
11101000
11100111
11111001
11110100
11110010
11111111
11101001
11111111
11010001
11100111
10111000
10111010
10111101
10001110
01111110
10100101
01111101
01001110
01011000
00110011
00111110
01000010
00000000
00100111
00101010
00000101
00101000
00000011
00000000
00000000
00000001
00100000
00011111
00101100
00100001
00111110
00100100
01000111
01010101
10000011
10000111
01111101
10100111
10100110
10110101
11100101
11011111
11110000
11111111
11111011
11111111
11111111
11111111
