11111110
11110001
11111111
11111011
11111111
10111111
11000001
10101000
10101001
10011100
10001101
01111101
01101100
01100010
01100010
01100010
00110011
01011000
00110110
00110100
00000000
00000000
00001011
00001000
00000000
00000000
00001100
00100000
00101110
00000011
00110000
00111100
00111010
00110001
00111111
01111000
01010001
10000001
10011011
11000000
10101110
10100100
11011001
11001100
11111111
11011100
11111010
11111111
11111111
11111111
11111111
11111111
11111111
11010001
11101011
11110101
10101110
11001011
10110100
10101110
10000101
01011110
01011111
10010010
01010101
00110011
01011100
01000011
00001111
00110000
00101001
00000000
00010000
00000000
00011100
00000000
00000000
00011011
00001110
00100101
01001010
00100100
00100010
01101101
01001110
01101111
01101010
01100100
10000010
11000101
10101101
11000001
11011000
11111000
11101011
11101010
11100011
11111111
11001111
11100101
11111111
11111111
11011001
11111100
11110010
11000010
11001111
11101001
10101011
10001000
10011011
01111011
01101111
01110001
01010111
01000000
00100011
00011011
00001011
00001010
00111000
00001100
00000000
00000000
00000101
00000111
00001011
00100001
00000111
00100000
00010100
00000011
00101110
01101001
01010000
01111111
10000101
01111010
11000011
10111011
11001011
10101111
11000010
11101100
11111111
11101111
11111111
11111001
11111111
11111111
11111111
11110100
11110110
11001101
11101110
11011111
11011101
11001100
10100111
10110110
11010011
01111001
10001101
01011010
01000011
00101111
01001000
00101111
00110110
00010100
00000000
00000100
00000010
00001110
00000000
00000000
00001110
00000000
00000100
00100101
00100011
00110010
01010110
01100001
01011000
01011011
01011100
10001111
11001100
10111111
10111011
10101011
10110101
11010001
10010010
11111001
11111111
11111110
11110111
11111111
